1 0 0 0 0 0 
0 1 0 0 0 0 
0 0 1 0 0 0 
0 0 0 1 0 0 
0 0 0 0 0.102635 0 
0 0 0 0 0 0.102635 
15.4105 0 0.205271 0 0 0 
0 15.4105 0 0.205271 0 0 
0.205271 0 10.1026 0 0 0 
0 0.205271 0 10.1026 0 0 
0 0 0 0 0.102635 0 
0 0 0 0 0 0.102635 
67.0527 0 0.205271 0 0 0 
0 67.0527 0 0.205271 0 0 
0.205271 0 10.1026 0 0 0 
0 0.205271 0 10.1026 0 0 
0 0 0 0 0.102635 0 
0 0 0 0 0 0.102635 
118.695 0 0.205271 0 0 0 
0 118.695 0 0.205271 0 0 
0.205271 0 10.1026 0 0 0 
0 0.205271 0 10.1026 0 0 
0 0 0 0 0.102635 0 
0 0 0 0 0 0.102635 
170.337 0 0.205271 0 0 0 
0 170.337 0 0.205271 0 0 
0.205271 0 10.1026 0 0 0 
0 0.205271 0 10.1026 0 0 
0 0 0 0 0.102635 0 
0 0 0 0 0 0.102635 
221.979 0 0.205271 0 0 0 
0 221.979 0 0.205271 0 0 
0.205271 0 10.1026 0 0 0 
0 0.205271 0 10.1026 0 0 
0 0 0 0 0.102635 0 
0 0 0 0 0 0.102635 
273.621 0 0.205271 0 0 0 
0 273.621 0 0.205271 0 0 
0.205271 0 10.1026 0 0 0 
0 0.205271 0 10.1026 0 0 
0 0 0 0 0.102635 0 
0 0 0 0 0 0.102635 
325.264 0 0.205271 0 0 0 
0 325.264 0 0.205271 0 0 
0.205271 0 10.1026 0 0 0 
0 0.205271 0 10.1026 0 0 
0 0 0 0 0.102635 0 
0 0 0 0 0 0.102635 
376.906 0 0.205271 0 0 0 
0 376.906 0 0.205271 0 0 
0.205271 0 10.1026 0 0 0 
0 0.205271 0 10.1026 0 0 
0 0 0 0 0.102635 0 
0 0 0 0 0 0.102635 
428.548 0 0.205271 0 0 0 
0 428.548 0 0.205271 0 0 
0.205271 0 10.1026 0 0 0 
0 0.205271 0 10.1026 0 0 
0 0 0 0 0.102635 0 
0 0 0 0 0 0.102635 
480.19 0 0.205271 0 0 0 
0 480.19 0 0.205271 0 0 
0.205271 0 10.1026 0 0 0 
0 0.205271 0 10.1026 0 0 
0 0 0 0 0.102635 0 
0 0 0 0 0 0.102635 
531.832 0 0.205271 0 0 0 
0 531.832 0 0.205271 0 0 
0.205271 0 10.1026 0 0 0 
0 0.205271 0 10.1026 0 0 
0 0 0 0 0.102635 0 
0 0 0 0 0 0.102635 
583.474 0 0.205271 0 0 0 
0 583.474 0 0.205271 0 0 
0.205271 0 10.1026 0 0 0 
0 0.205271 0 10.1026 0 0 
0 0 0 0 0.102635 0 
0 0 0 0 0 0.102635 
635.117 0 0.205271 0 0 0 
0 635.117 0 0.205271 0 0 
0.205271 0 10.1026 0 0 0 
0 0.205271 0 10.1026 0 0 
0 0 0 0 0.102635 0 
0 0 0 0 0 0.102635 
686.759 0 0.205271 0 0 0 
0 686.759 0 0.205271 0 0 
0.205271 0 10.1026 0 0 0 
0 0.205271 0 10.1026 0 0 
0 0 0 0 0.102635 0 
0 0 0 0 0 0.102635 
738.401 0 0.205271 0 0 0 
0 738.401 0 0.205271 0 0 
0.205271 0 10.1026 0 0 0 
0 0.205271 0 10.1026 0 0 
0 0 0 0 0.102635 0 
0 0 0 0 0 0.102635 
790.043 0 0.205271 0 0 0 
0 790.043 0 0.205271 0 0 
0.205271 0 10.1026 0 0 0 
0 0.205271 0 10.1026 0 0 
0 0 0 0 0.102635 0 
0 0 0 0 0 0.102635 
841.685 0 0.205271 0 0 0 
0 841.685 0 0.205271 0 0 
0.205271 0 10.1026 0 0 0 
0 0.205271 0 10.1026 0 0 
0 0 0 0 0.102635 0 
0 0 0 0 0 0.102635 
893.327 0 0.205271 0 0 0 
0 893.327 0 0.205271 0 0 
0.205271 0 10.1026 0 0 0 
0 0.205271 0 10.1026 0 0 
0 0 0 0 0.102635 0 
0 0 0 0 0 0.102635 
944.969 0 0.205271 0 0 0 
0 944.969 0 0.205271 0 0 
0.205271 0 10.1026 0 0 0 
0 0.205271 0 10.1026 0 0 
0 0 0 0 0.102635 0 
0 0 0 0 0 0.102635 
