0 0 0 0 -0.00201576 0 
-0.00403151 0 -0.00201576 0 -0.00201576 0.00100788 
-0.0120945 0.00201576 -0.00201576 0.00100788 -0.00201576 0 
-0.0201576 0.00403151 -0.00201576 0 -0.00100788 0.00100788 
-0.0262048 0.00604727 -0.00100788 0.00100788 -0.00201576 0 
-0.0322521 0.00806303 -0.00201576 0 -0.00201576 0 
-0.0403151 0.00806303 -0.00201576 0 -0.00201576 0.00100788 
-0.0483782 0.0100788 -0.00201576 0.00100788 -0.00302363 0.00100788 
-0.0584569 0.0141103 -0.00302363 0.00100788 -0.00302363 0 
-0.0705515 0.0161261 -0.00302363 0 -0.00201576 0 
-0.0806303 0.0161261 -0.00201576 0 -0.00201576 0 
-0.0886933 0.0161261 -0.00201576 0 -0.00201576 0.00100788 
-0.0967563 0.0181418 -0.00201576 0.00100788 -0.00201576 0 
-0.104819 0.0201576 -0.00201576 0 -0.00201576 0 
-0.112882 0.0201576 -0.00201576 0 -0.00201576 0 
-0.120945 0.0201576 -0.00201576 0 -0.00201576 0 
-0.129008 0.0201576 -0.00201576 0 -0.00201576 0 
-0.137071 0.0201576 -0.00201576 0 -0.00201576 0 
-0.145134 0.0201576 -0.00201576 0 -0.00201576 0 
-0.153197 0.0201576 -0.00201576 0 -0.00201576 0.00100788 
