-0.3386 0.2295
-0.1695 0.4947
-0.4969 0.2003
0.0001 0.1309
0.0904 0.2825
0.1923 0.7150
-0.3666 0.3578
-0.0635 1.2562
0.0405 1.0121
0.1538 0.6884
0.3187 0.8001
0.0084 0.9187
0.0334 0.5652
0.3408 1.1220
0.4494 1.3168
0.0026 0.7900
-0.3888 1.0038
0.0490 1.2339
-0.2126 1.1777
0.0160 0.8270
0.1731 1.0594
-0.0526 1.4198
0.1362 0.9753
0.0620 1.0195
0.0388 1.1014
-0.1350 0.8218
0.0806 1.4215
-0.0686 0.7735
-0.0533 0.8918
-0.0732 1.1063
-0.0291 0.8671
-0.0992 0.7043
-0.1922 0.6840
-0.1154 0.7574
-0.1581 0.9325
-0.2684 0.9957
 0.0761 0.7846
 0.2491 0.6453
-0.0876 0.6680
-0.0771 0.7040
-0.1285 0.8344
-0.2650 0.5383
0.1264 1.4472
0.4972 0.8899
-0.0103 0.8959
0.0170 0.7946
-0.4292 0.9919
-0.2739 0.5746
0.5309 0.9478
0.0903 1.2666
-0.3767 1.0924
0.1122 1.0186
0.0353 0.8819
0.1617 0.8099
-0.1781 1.1622
0.3771 0.9136
-0.1129 1.0912
0.2398 1.2164
0.0604 0.8581
0.1408 0.9823
0.3079 0.6851
0.0316 1.2884
-0.1107 0.8603
-0.2088 0.9377
-0.0448 1.0306
-0.1975 1.0185
-0.1350 0.9175
-0.1874 0.9368
0.7982 1.7619
0.2565 1.1760
-0.2858 0.8693
-0.1385 1.1197
0.1080 1.0243
-0.0761 0.7930
0.0012 1.2547
0.0956 1.0405
0.1470 1.1306
-0.3614 1.0042
-0.0952 0.5452
-0.2971 0.9285
0.1846 0.9487
0.0586 0.7992
-0.4824 1.0210
-0.2127 1.2622
0.3880 0.9169
0.2667 1.2132
-0.3164 0.9925
0.0584 1.1169
0.1513 1.1508
0.1517 0.9301
0.0848 0.4962
-0.2613 1.2688
-0.1477 1.0732
0.3372 0.8012
-0.2145 0.8898
0.0986 0.9542
-0.2186 0.6483
-0.0828 0.9506
-0.1197 0.9414
-0.2449 1.1228